2 0.449346 0.438725 0.075163 0.107843
2 0.545752 0.425245 0.078431 0.115196
2 0.776144 0.448529 0.075163 0.132353
2 0.681373 0.441176 0.088235 0.117647
2 0.645425 0.573529 0.065359 0.122549
2 0.619281 0.459559 0.071895 0.100490
2 0.559641 0.553922 0.080065 0.112745
2 0.577614 0.662990 0.106209 0.110294
2 0.702614 0.687500 0.094771 0.110294
2 0.757353 0.313725 0.060458 0.122549
2 0.366013 0.595588 0.062092 0.102941
2 0.391340 0.822304 0.102941 0.159314
2 0.202614 0.785539 0.088235 0.115196
2 0.200163 0.696078 0.070261 0.078431
2 0.281863 0.763480 0.089869 0.125000
2 0.495098 0.654412 0.071895 0.098039
2 0.114379 0.770833 0.094771 0.110294
2 0.308007 0.598039 0.037582 0.098039
2 0.689542 0.366422 0.081699 0.051471
