0 0.188940 0.605392 0.129032 0.145425
0 0.206221 0.525327 0.126728 0.122549
0 0.210829 0.477124 0.172811 0.143791
0 0.373272 0.453431 0.258065 0.151961
0 0.491935 0.366830 0.200461 0.089869
0 0.533410 0.658497 0.264977 0.104575
0 0.452765 0.756536 0.283410 0.124183
0 0.370968 0.815359 0.188940 0.124183
0 0.109447 0.821078 0.140553 0.122549
0 0.478111 0.187092 0.131336 0.151961
0 0.631336 0.116830 0.142857 0.102941
0 0.794931 0.091503 0.285714 0.140523
0 0.591014 0.315359 0.269585 0.062092
0 0.392857 0.250817 0.126728 0.174837
0 0.713134 0.575980 0.357143 0.034314
