0 0.250545 0.651144 0.352941 0.429739
0 0.579521 0.754902 0.196078 0.245098
0 0.705882 0.787582 0.126362 0.192810
0 0.877996 0.501634 0.226580 0.460784
0 0.724401 0.527778 0.198257 0.320261
0 0.553377 0.360294 0.305011 0.161765
0 0.403050 0.207516 0.322440 0.143791
0 0.255991 0.406046 0.106754 0.266340
0 0.154684 0.598039 0.126362 0.352941
0 0.092593 0.481209 0.137255 0.361111
0 0.217865 0.193627 0.357298 0.276144
0 0.397603 0.080065 0.481481 0.150327
0 0.054466 0.138889 0.104575 0.261438
0 0.765795 0.147059 0.220044 0.143791
0 0.834423 0.260621 0.331155 0.207516
0 0.887800 0.067810 0.132898 0.132353
0 0.797386 0.093137 0.191721 0.179739
0 0.877996 0.682190 0.244009 0.410131
0 0.569717 0.572712 0.141612 0.145425
