0 0.288399 0.705882 0.138889 0.435730
0 0.465686 0.742919 0.160131 0.357298
0 0.758170 0.761438 0.143791 0.320261
0 0.817810 0.708061 0.174837 0.440087
0 0.640523 0.331155 0.098039 0.653595
0 0.540850 0.279956 0.111111 0.555556
0 0.428922 0.285403 0.138889 0.566449
0 0.267974 0.271242 0.166667 0.477124
0 0.152778 0.302832 0.132353 0.601307
0 0.086601 0.680828 0.147059 0.490196
0 0.724673 0.205882 0.106209 0.407407
0 0.802288 0.196078 0.124183 0.387800
0 0.901144 0.187364 0.151961 0.370370
0 0.946078 0.692810 0.104575 0.461874
