1 0.531863 0.380814 0.223856 0.360465
1 0.630719 0.739826 0.241830 0.398256
1 0.388889 0.827035 0.372549 0.328488
1 0.106209 0.726744 0.209150 0.441860
1 0.280229 0.274709 0.187908 0.334302
1 0.442810 0.152616 0.196078 0.287791
1 0.687908 0.135174 0.163399 0.264535
1 0.861111 0.247093 0.238562 0.290698
1 0.741830 0.427326 0.186275 0.348837
1 0.883170 0.731105 0.233660 0.369186
1 0.826797 0.905523 0.261438 0.188953
1 0.901144 0.072674 0.194444 0.133721
1 0.138072 0.386628 0.161765 0.313953
1 0.029412 0.244186 0.055556 0.191860
1 0.154412 0.167151 0.122549 0.130814
1 0.384804 0.475291 0.148693 0.258721
