1 0.308354 0.543301 0.356265 0.207516
1 0.770270 0.619281 0.351351 0.222222
1 0.656020 0.843137 0.319410 0.202614
1 0.199017 0.704248 0.289926 0.189542
1 0.340295 0.832516 0.282555 0.168301
1 0.481572 0.678922 0.270270 0.184641
1 0.651106 0.487745 0.285012 0.168301
1 0.859951 0.242647 0.280098 0.194444
1 0.626536 0.321078 0.240786 0.168301
1 0.458231 0.206699 0.292383 0.230392
1 0.313268 0.329248 0.316953 0.168301
1 0.127764 0.281046 0.221130 0.163399
1 0.158477 0.116830 0.262899 0.181373
1 0.577396 0.044935 0.221130 0.086601
1 0.667076 0.157680 0.174447 0.145425
1 0.794840 0.084967 0.203931 0.117647
1 0.942260 0.420752 0.115479 0.171569
1 0.917690 0.764706 0.164619 0.218954
1 0.121622 0.915033 0.213759 0.091503
1 0.095823 0.808007 0.171990 0.145425
1 0.138821 0.459150 0.253071 0.202614
1 0.433661 0.482843 0.179361 0.129085
