1 0.343980 0.283497 0.280098 0.200980
1 0.436118 0.586601 0.297297 0.222222
1 0.658477 0.285131 0.270270 0.197712
1 0.326781 0.458333 0.280098 0.155229
1 0.674447 0.478758 0.194103 0.098039
1 0.883292 0.539216 0.233415 0.212418
1 0.760442 0.701797 0.277641 0.174837
1 0.616708 0.651144 0.230958 0.151961
1 0.409091 0.764706 0.248157 0.150327
1 0.197789 0.676471 0.228501 0.130719
1 0.184275 0.824346 0.255528 0.158497
1 0.379607 0.866013 0.282555 0.016340
1 0.668305 0.867647 0.304668 0.166667
1 0.922604 0.821895 0.154791 0.218954
1 0.936118 0.234477 0.127764 0.181373
1 0.789926 0.093954 0.262899 0.184641
1 0.539312 0.087418 0.253071 0.161765
1 0.260442 0.090686 0.260442 0.171569
1 0.061425 0.178922 0.117936 0.132353
1 0.104423 0.351307 0.189189 0.189542
1 0.094595 0.516340 0.184275 0.183007
1 0.820639 0.343137 0.186732 0.179739
