1 0.662582 0.812791 0.482026 0.365116
1 0.227941 0.530233 0.151961 0.186047
1 0.503268 0.538372 0.179739 0.160465
1 0.489379 0.294186 0.138889 0.104651
1 0.370915 0.493023 0.117647 0.111628
1 0.373366 0.601163 0.142157 0.127907
1 0.687092 0.351163 0.230392 0.251163
1 0.808824 0.575581 0.382353 0.318605
1 0.736928 0.159302 0.127451 0.146512
1 0.566993 0.188372 0.120915 0.139535
1 0.399510 0.259302 0.102941 0.104651
1 0.332516 0.310465 0.112745 0.095349
1 0.143791 0.318605 0.133987 0.144186
1 0.103758 0.451163 0.122549 0.120930
1 0.087418 0.658140 0.148693 0.181395
1 0.847222 0.232558 0.102941 0.120930
1 0.473039 0.387209 0.142157 0.086047
