1 0.297561 0.598039 0.307317 0.156863
1 0.256098 0.448529 0.243902 0.148693
1 0.350000 0.763072 0.343902 0.196078
1 0.398780 0.911765 0.314634 0.088235
1 0.332927 0.207516 0.241463 0.147059
1 0.446341 0.354575 0.214634 0.143791
1 0.481707 0.504902 0.202439 0.133987
1 0.515854 0.651961 0.197561 0.153595
1 0.670732 0.796569 0.200000 0.145425
1 0.706098 0.910948 0.236585 0.093137
1 0.654878 0.639706 0.182927 0.165033
1 0.665854 0.306373 0.156098 0.119281
1 0.720732 0.424837 0.192683 0.114379
1 0.775610 0.541667 0.165854 0.122549
1 0.781707 0.676471 0.114634 0.156863
1 0.126829 0.872549 0.239024 0.173203
1 0.124390 0.700980 0.200000 0.166667
1 0.804878 0.343137 0.102439 0.104575
1 0.931707 0.453431 0.117073 0.093137
1 0.917073 0.361928 0.131707 0.086601
1 0.895122 0.646242 0.141463 0.119281
1 0.215854 0.314542 0.212195 0.125817
