1 0.426471 0.541929 0.196078 0.224319
1 0.605392 0.710692 0.171569 0.255765
1 0.769608 0.484277 0.169935 0.197065
1 0.917484 0.783019 0.165033 0.270440
1 0.743464 0.899371 0.232026 0.192872
1 0.514706 0.897275 0.245098 0.197065
1 0.339869 0.780922 0.228758 0.257862
1 0.159314 0.641509 0.217320 0.230608
1 0.087418 0.825996 0.165033 0.264151
1 0.535131 0.336478 0.174837 0.207547
1 0.664216 0.223270 0.168301 0.174004
1 0.818627 0.117400 0.186275 0.188679
1 0.895425 0.299790 0.137255 0.138365
1 0.946895 0.436059 0.106209 0.142558
1 0.897059 0.568134 0.156863 0.180294
1 0.776961 0.691824 0.119281 0.201258
1 0.298203 0.530398 0.158497 0.218029
