1 0.712418 0.375000 0.290850 0.421569
1 0.551471 0.685049 0.184641 0.330882
1 0.766340 0.773284 0.235294 0.325980
1 0.920752 0.573529 0.158497 0.328431
1 0.928922 0.280637 0.142157 0.237745
1 0.860294 0.099265 0.142157 0.193627
1 0.963235 0.088235 0.073529 0.161765
1 0.561275 0.116422 0.142157 0.227941
1 0.777778 0.077206 0.006536 0.149510
1 0.418301 0.094363 0.160131 0.183824
1 0.263889 0.191176 0.168301 0.235294
1 0.445261 0.361520 0.243464 0.340686
1 0.223856 0.430147 0.183007 0.262255
1 0.345588 0.718137 0.233660 0.372549
1 0.130719 0.639706 0.166667 0.235294
1 0.143791 0.881127 0.176471 0.193627
1 0.060458 0.457108 0.117647 0.188725
1 0.096405 0.189951 0.189542 0.375000
