1 0.406046 0.348174 0.187908 0.285388
1 0.540033 0.590183 0.207516 0.299087
1 0.702614 0.768265 0.199346 0.280822
1 0.807190 0.552511 0.202614 0.255708
1 0.673203 0.219178 0.192810 0.260274
1 0.148693 0.130137 0.245098 0.246575
1 0.110294 0.384703 0.204248 0.312785
1 0.287582 0.624429 0.202614 0.285388
1 0.113562 0.890411 0.223856 0.214612
1 0.305556 0.869863 0.196078 0.223744
1 0.094771 0.672374 0.176471 0.230594
1 0.485294 0.944064 0.186275 0.111872
1 0.936275 0.883562 0.127451 0.155251
1 0.928105 0.461187 0.143791 0.251142
1 0.937092 0.179224 0.125817 0.308219
1 0.803105 0.097032 0.138889 0.189498
